full.rbt
00000000000000000000000000000000
00000000000000000000000000000000
00000111111111000000000000000000
full_X0Y3_left_partial.rbt
00000000000011000000010000001101
00000000000011000000011000001101
00000111111111000000000000000000
00000111111111000000000000000000
00000000000011000000000000000000
00000001000011000000000000000000
00000111111111000000000000000000
00000000000011000000010000001101
00000000000011000000011000001101
00000111111111000000000000000000
full_X0Y3_right_partial.rbt
00000000000011000011101000001101
00000000000011000011110000000000
00000000000011000011110000000101
00000111111111000000000000000000
00000111111111000000000000000000
00000000000011000011010000000000
00000111111111000000000000000000
00000000000011000011101000001101
00000000000011000011110000000000
00000000000011000011110000000101
00000111111111000000000000000000
full_X0Y4_left_partial.rbt
00000000000100000000010000001101
00000000000100000000011000001101
00000111111111000000000000000000
00000111111111000000000000000000
00000000000100000000000000000000
00000001000100000000000000000000
00000111111111000000000000000000
00000000000100000000010000001101
00000000000100000000011000001101
00000111111111000000000000000000
full_X0Y4_right_partial.rbt
00000000000100000011101000001101
00000000000100000011110000000000
00000000000100000011110000000101
00000111111111000000000000000000
00000111111111000000000000000000
00000000000100000011010000000000
00000111111111000000000000000000
00000000000100000011101000001101
00000000000100000011110000000000
00000000000100000011110000000101
00000111111111000000000000000000
full_X0Y5_left_partial.rbt
00000000000101000000010000001101
00000000000101000000011000001101
00000111111111000000000000000000
00000111111111000000000000000000
00000000000101000000000000000000
00000001000101000000000000000000
00000111111111000000000000000000
00000000000101000000010000001101
00000000000101000000011000001101
00000111111111000000000000000000
full_X0Y5_right_partial.rbt
00000000000101000011101000001101
00000000000101000011110000000000
00000000000101000011110000000101
00000111111111000000000000000000
00000111111111000000000000000000
00000000000101000011010000000000
00000111111111000000000000000000
00000000000101000011101000001101
00000000000101000011110000000000
00000000000101000011110000000101
00000111111111000000000000000000
full_X0Y6_left_partial.rbt
00000000000110000000010000001101
00000000000110000000011000001101
00000111111111000000000000000000
00000111111111000000000000000000
00000000000110000000000000000000
00000001000110000000000000000000
00000111111111000000000000000000
00000000000110000000010000001101
00000000000110000000011000001101
00000111111111000000000000000000
full_X0Y6_right_partial.rbt
00000000000110000011101000001101
00000000000110000011110000000000
00000000000110000011110000000101
00000111111111000000000000000000
00000111111111000000000000000000
00000000000110000011010000000000
00000111111111000000000000000000
00000000000110000011101000001101
00000000000110000011110000000000
00000000000110000011110000000101
00000111111111000000000000000000
full_X1Y0_left_partial.rbt
00000000000000000100110000001101
00000000000000000100111000001101
00000111111111000000000000000000
00000111111111000000000000000000
00000000000000000100110000000000
00000001000000000000010100000000
00000111111111000000000000000000
00000000000000000100110000001101
00000000000000000100111000001101
00000111111111000000000000000000
full_X1Y0_right_partial.rbt
00000000000000000111000000001101
00000000000000000111001000000000
00000000000000000111001000000101
00000111111111000000000000000000
00000111111111000000000000000000
00000000000000000110101000000000
00000111111111000000000000000000
00000000000000000111000000001101
00000000000000000111001000000000
00000000000000000111001000000101
00000111111111000000000000000000
full_X1Y1_left_partial.rbt
00000000000001000100110000001101
00000000000001000100111000001101
00000111111111000000000000000000
00000111111111000000000000000000
00000000000001000100110000000000
00000001000001000000010100000000
00000111111111000000000000000000
00000000000001000100110000001101
00000000000001000100111000001101
00000111111111000000000000000000
full_X1Y1_right_partial.rbt
00000000000001000111000000001101
00000000000001000111001000000000
00000000000001000111001000000101
00000111111111000000000000000000
00000111111111000000000000000000
00000000000001000110101000000000
00000111111111000000000000000000
00000000000001000111000000001101
00000000000001000111001000000000
00000000000001000111001000000101
00000111111111000000000000000000
full_X1Y2_left_partial.rbt
00000000000010000100110000001101
00000000000010000100111000001101
00000111111111000000000000000000
00000111111111000000000000000000
00000000000010000100110000000000
00000001000010000000010100000000
00000111111111000000000000000000
00000000000010000100110000001101
00000000000010000100111000001101
00000111111111000000000000000000
full_X1Y2_right_partial.rbt
00000000000010000111000000001101
00000000000010000111001000000000
00000000000010000111001000000101
00000111111111000000000000000000
00000111111111000000000000000000
00000000000010000110101000000000
00000111111111000000000000000000
00000000000010000111000000001101
00000000000010000111001000000000
00000000000010000111001000000101
00000111111111000000000000000000
full_X1Y3_left_partial.rbt
00000000000011000011110100001101
00000000000011000011111100001101
00000111111111000000000000000000
00000111111111000000000000000000
00000000000011000011110100000000
00000001000011000000010000000000
00000111111111000000000000000000
00000000000011000011110100001101
00000000000011000011111100001101
00000111111111000000000000000000
full_X1Y3_right_partial.rbt
00000000000011000111000000001101
00000000000011000111001000000000
00000000000011000111001000000101
00000111111111000000000000000000
00000111111111000000000000000000
00000000000011000110101000000000
00000111111111000000000000000000
00000000000011000111000000001101
00000000000011000111001000000000
00000000000011000111001000000101
00000111111111000000000000000000
full_X1Y4_left_partial.rbt
00000000000100000011110100001101
00000000000100000011111100001101
00000111111111000000000000000000
00000111111111000000000000000000
00000000000100000011110100000000
00000001000100000000010000000000
00000111111111000000000000000000
00000000000100000011110100001101
00000000000100000011111100001101
00000111111111000000000000000000
full_X1Y4_right_partial.rbt
00000000000100000111000000001101
00000000000100000111001000000000
00000000000100000111001000000101
00000111111111000000000000000000
00000111111111000000000000000000
00000000000100000110101000000000
00000111111111000000000000000000
00000000000100000111000000001101
00000000000100000111001000000000
00000000000100000111001000000101
00000111111111000000000000000000
full_X1Y5_left_partial.rbt
00000000000101000011110100001101
00000000000101000011111100001101
00000111111111000000000000000000
00000111111111000000000000000000
00000000000101000011110100000000
00000001000101000000010000000000
00000111111111000000000000000000
00000000000101000011110100001101
00000000000101000011111100001101
00000111111111000000000000000000
full_X1Y5_right_partial.rbt
00000000000101000111000000001101
00000000000101000111001000000000
00000000000101000111001000000101
00000111111111000000000000000000
00000111111111000000000000000000
00000000000101000110101000000000
00000111111111000000000000000000
00000000000101000111000000001101
00000000000101000111001000000000
00000000000101000111001000000101
00000111111111000000000000000000
full_X1Y6_left_partial.rbt
00000000000110000011110100001101
00000000000110000011111100001101
00000111111111000000000000000000
00000111111111000000000000000000
00000000000110000011110100000000
00000001000110000000010000000000
00000111111111000000000000000000
00000000000110000011110100001101
00000000000110000011111100001101
00000111111111000000000000000000
full_X1Y6_right_partial.rbt
00000000000110000111000000001101
00000000000110000111001000000000
00000000000110000111001000000101
00000111111111000000000000000000
00000111111111000000000000000000
00000000000110000110101000000000
00000111111111000000000000000000
00000000000110000111000000001101
00000000000110000111001000000000
00000000000110000111001000000101
00000111111111000000000000000000
full_X2Y0_left_partial.rbt
00000000000000000111001100001101
00000000000000000111010100001101
00000111111111000000000000000000
00000111111111000000000000000000
00000000000000000111001100000000
00000001000000000000011100000000
00000111111111000000000000000000
00000000000000000111001100001101
00000000000000000111010100001101
00000111111111000000000000000000
full_X2Y0_right_partial.rbt
00000000000000001001101000001101
00000000000000001001110000000000
00000000000000001001110000000101
00000111111111000000000000000000
00000111111111000000000000000000
00000000000000001001010000000000
00000111111111000000000000000000
00000000000000001001101000001101
00000000000000001001110000000000
00000000000000001001110000000101
00000111111111000000000000000000
full_X2Y1_left_partial.rbt
00000000000001000111001100001101
00000000000001000111010100001101
00000111111111000000000000000000
00000111111111000000000000000000
00000000000001000111001100000000
00000001000001000000011100000000
00000111111111000000000000000000
00000000000001000111001100001101
00000000000001000111010100001101
00000111111111000000000000000000
full_X2Y1_right_partial.rbt
00000000000001001001101000001101
00000000000001001001110000000000
00000000000001001001110000000101
00000111111111000000000000000000
00000111111111000000000000000000
00000000000001001001010000000000
00000111111111000000000000000000
00000000000001001001101000001101
00000000000001001001110000000000
00000000000001001001110000000101
00000111111111000000000000000000
full_X2Y2_left_partial.rbt
00000000000010000111001100001101
00000000000010000111010100001101
00000111111111000000000000000000
00000111111111000000000000000000
00000000000010000111001100000000
00000001000010000000011100000000
00000111111111000000000000000000
00000000000010000111001100001101
00000000000010000111010100001101
00000111111111000000000000000000
full_X2Y2_right_partial.rbt
00000000000010001001101000001101
00000000000010001001110000000000
00000000000010001001110000000101
00000111111111000000000000000000
00000111111111000000000000000000
00000000000010001001010000000000
00000111111111000000000000000000
00000000000010001001101000001101
00000000000010001001110000000000
00000000000010001001110000000101
00000111111111000000000000000000
full_X2Y3_left_partial.rbt
00000000000011000111001100001101
00000000000011000111010100001101
00000111111111000000000000000000
00000111111111000000000000000000
00000000000011000111001100000000
00000001000011000000011100000000
00000111111111000000000000000000
00000000000011000111001100001101
00000000000011000111010100001101
00000111111111000000000000000000
full_X2Y3_right_partial.rbt
00000000000011001001101000001101
00000000000011001001110000000000
00000000000011001001110000000101
00000111111111000000000000000000
00000111111111000000000000000000
00000000000011001001010000000000
00000111111111000000000000000000
00000000000011001001101000001101
00000000000011001001110000000000
00000000000011001001110000000101
00000111111111000000000000000000
full_X2Y4_left_partial.rbt
00000000000100000111001100001101
00000000000100000111010100001101
00000111111111000000000000000000
00000111111111000000000000000000
00000000000100000111001100000000
00000001000100000000011100000000
00000111111111000000000000000000
00000000000100000111001100001101
00000000000100000111010100001101
00000111111111000000000000000000
full_X2Y4_right_partial.rbt
00000000000100001001101000001101
00000000000100001001110000000000
00000000000100001001110000000101
00000111111111000000000000000000
00000111111111000000000000000000
00000000000100001001010000000000
00000111111111000000000000000000
00000000000100001001101000001101
00000000000100001001110000000000
00000000000100001001110000000101
00000111111111000000000000000000
full_X2Y5_left_partial.rbt
00000000000101000111001100001101
00000000000101000111010100001101
00000111111111000000000000000000
00000111111111000000000000000000
00000000000101000111001100000000
00000001000101000000011100000000
00000111111111000000000000000000
00000000000101000111001100001101
00000000000101000111010100001101
00000111111111000000000000000000
full_X2Y5_right_partial.rbt
00000000000101001001101000001101
00000000000101001001110000000000
00000000000101001001110000000101
00000111111111000000000000000000
00000111111111000000000000000000
00000000000101001001010000000000
00000111111111000000000000000000
00000000000101001001101000001101
00000000000101001001110000000000
00000000000101001001110000000101
00000111111111000000000000000000
full_X2Y6_left_partial.rbt
00000000000110000111001100001101
00000000000110000111010100001101
00000111111111000000000000000000
00000111111111000000000000000000
00000000000110000111001100000000
00000001000110000000011100000000
00000111111111000000000000000000
00000000000110000111001100001101
00000000000110000111010100001101
00000111111111000000000000000000
full_X2Y6_right_partial.rbt
00000000000110001001101000001101
00000000000110001001110000000000
00000000000110001001110000000101
00000111111111000000000000000000
00000111111111000000000000000000
00000000000110001001010000000000
00000111111111000000000000000000
00000000000110001001101000001101
00000000000110001001110000000000
00000000000110001001110000000101
00000111111111000000000000000000
full_X3Y0_left_partial.rbt
00000000000000001001110100001101
00000000000000001001111100001101
00000111111111000000000000000000
00000111111111000000000000000000
00000000000000001001110100000000
00000001000000000000101000000000
00000111111111000000000000000000
00000000000000001001110100001101
00000000000000001001111100001101
00000111111111000000000000000000
full_X3Y0_right_partial.rbt
00000000000000001100001000000000
00000000000000001100001000000101
00000000000000001100010000001101
00000111111111000000000000000000
00000111111111000000000000000000
00000000000000001011110000000000
00000001000000000000110000000000
00000111111111000000000000000000
00000000000000001100001000000000
00000000000000001100001000000101
00000000000000001100010000001101
00000111111111000000000000000000
full_X3Y1_left_partial.rbt
00000000000001001001110100001101
00000000000001001001111100001101
00000111111111000000000000000000
00000111111111000000000000000000
00000000000001001001110100000000
00000001000001000000101000000000
00000111111111000000000000000000
00000000000001001001110100001101
00000000000001001001111100001101
00000111111111000000000000000000
full_X3Y1_right_partial.rbt
00000000000001001100001000000000
00000000000001001100001000000101
00000000000001001100010000001101
00000111111111000000000000000000
00000111111111000000000000000000
00000000000001001011110000000000
00000001000001000000110000000000
00000111111111000000000000000000
00000000000001001100001000000000
00000000000001001100001000000101
00000000000001001100010000001101
00000111111111000000000000000000
full_X3Y2_left_partial.rbt
00000000000010001001110100001101
00000000000010001001111100001101
00000111111111000000000000000000
00000111111111000000000000000000
00000000000010001001110100000000
00000001000010000000101000000000
00000111111111000000000000000000
00000000000010001001110100001101
00000000000010001001111100001101
00000111111111000000000000000000
full_X3Y2_right_partial.rbt
00000000000010001100001000000000
00000000000010001100001000000101
00000000000010001100010000001101
00000111111111000000000000000000
00000111111111000000000000000000
00000000000010001011110000000000
00000001000010000000110000000000
00000111111111000000000000000000
00000000000010001100001000000000
00000000000010001100001000000101
00000000000010001100010000001101
00000111111111000000000000000000
full_X3Y3_left_partial.rbt
00000000000011001001110100001101
00000000000011001001111100001101
00000111111111000000000000000000
00000111111111000000000000000000
00000000000011001001110100000000
00000001000011000000101000000000
00000111111111000000000000000000
00000000000011001001110100001101
00000000000011001001111100001101
00000111111111000000000000000000
full_X3Y3_right_partial.rbt
00000000000011001100001000000000
00000000000011001100001000000101
00000000000011001100010000001101
00000111111111000000000000000000
00000111111111000000000000000000
00000000000011001011110000000000
00000001000011000000110000000000
00000111111111000000000000000000
00000000000011001100001000000000
00000000000011001100001000000101
00000000000011001100010000001101
00000111111111000000000000000000
full_X3Y4_left_partial.rbt
00000000000100001001110100001101
00000000000100001001111100001101
00000111111111000000000000000000
00000111111111000000000000000000
00000000000100001001110100000000
00000001000100000000101000000000
00000111111111000000000000000000
00000000000100001001110100001101
00000000000100001001111100001101
00000111111111000000000000000000
full_X3Y4_right_partial.rbt
00000000000100001100001000000000
00000000000100001100001000000101
00000000000100001100010000001101
00000111111111000000000000000000
00000111111111000000000000000000
00000000000100001011110000000000
00000001000100000000110000000000
00000111111111000000000000000000
00000000000100001100001000000000
00000000000100001100001000000101
00000000000100001100010000001101
00000111111111000000000000000000
full_X3Y5_left_partial.rbt
00000000000101001001110100001101
00000000000101001001111100001101
00000111111111000000000000000000
00000111111111000000000000000000
00000000000101001001110100000000
00000001000101000000101000000000
00000111111111000000000000000000
00000000000101001001110100001101
00000000000101001001111100001101
00000111111111000000000000000000
full_X3Y5_right_partial.rbt
00000000000101001100001000000000
00000000000101001100001000000101
00000000000101001100010000001101
00000111111111000000000000000000
00000111111111000000000000000000
00000000000101001011110000000000
00000001000101000000110000000000
00000111111111000000000000000000
00000000000101001100001000000000
00000000000101001100001000000101
00000000000101001100010000001101
00000111111111000000000000000000
full_X3Y6_left_partial.rbt
00000000000110001001110100001101
00000000000110001001111100001101
00000111111111000000000000000000
00000111111111000000000000000000
00000000000110001001110100000000
00000001000110000000101000000000
00000111111111000000000000000000
00000000000110001001110100001101
00000000000110001001111100001101
00000111111111000000000000000000
full_X3Y6_right_partial.rbt
00000000000110001100001000000000
00000000000110001100001000000101
00000000000110001100010000001101
00000111111111000000000000000000
00000111111111000000000000000000
00000000000110001011110000000000
00000001000110000000110000000000
00000111111111000000000000000000
00000000000110001100001000000000
00000000000110001100001000000101
00000000000110001100010000001101
00000111111111000000000000000000
